[LEFT_CAM_2K]
fx=1399.32
fy=1399.32
cx=1093.5
cy=645.471
k1=-0.178477
k2=0.0298467
k3=0
p1=1.94023e-05
p2=-0.000192303

[RIGHT_CAM_2K]
fx=1392.4
fy=1392.4
cx=1108.26
cy=607.698
k1=-0.172793
k2=0.0278209
k3=0
p1=0.000461637
p2=0.000174971

[LEFT_CAM_FHD]
fx=1399.32
fy=1399.32
cx=949.5
cy=564.471
k1=-0.178477
k2=0.0298467
k3=0
p1=1.94023e-05
p2=-0.000192303

[RIGHT_CAM_FHD]
fx=1392.4
fy=1392.4
cx=964.26
cy=526.698
k1=-0.172793
k2=0.0278209
k3=0
p1=0.000461637
p2=0.000174971

[LEFT_CAM_HD]
fx=699.66
fy=699.66
cx=633.25
cy=370.7355
k1=-0.178477
k2=0.0298467
k3=0
p1=1.94023e-05
p2=-0.000192303

[RIGHT_CAM_HD]
fx=696.2
fy=696.2
cx=640.63
cy=351.849
k1=-0.172793
k2=0.0278209
k3=0
p1=0.000461637
p2=0.000174971

[LEFT_CAM_VGA]
fx=349.83
fy=349.83
cx=332.125
cy=192.86775
k1=-0.178477
k2=0.0298467
k3=0
p1=1.94023e-05
p2=-0.000192303

[RIGHT_CAM_VGA]
fx=348.1
fy=348.1
cx=335.815
cy=183.4245
k1=-0.172793
k2=0.0278209
k3=0
p1=0.000461637
p2=0.000174971

[STEREO]
Baseline=120.004
TY=-0.00346597
TZ=0.0200377
CV_2K=0.0136926
CV_FHD=0.0136926
CV_HD=0.0136926
CV_VGA=0.0136926
RX_2K=-0.0157839
RX_FHD=-0.0157839
RX_HD=-0.0157839
RX_VGA=-0.0157839
RZ_2K=-0.000446684
RZ_FHD=-0.000446684
RZ_HD=-0.000446684
RZ_VGA=-0.000446684

